[[26.63207408 29.49311802 32.63284271]
 [29.26277323 32.61254404 36.17900029]
 [32.65054577 36.05732861 39.93140151]
 [36.18312723 40.24562086 44.34899993]
 [39.99417329 44.585061   49.40637086]
 [44.32441929 49.14240213 54.80585784]
 [49.35999586 55.191363   61.19106598]
 [54.97872476 61.1493293  67.24624145]
 [61.56409856 77.51578458 60.8497627 ]
 [67.6189739  61.08124029 55.32168351]
 [61.42248714 55.00329103 49.85781488]
 [54.74520729 49.75846035 45.06455677]
 [49.20212538 44.84020424 40.62685072]
 [44.08731156 40.54371723 36.49524931]
 [39.68257694 36.40239274 32.87779128]
 [35.64442132 33.09126595 29.71137158]
 [32.20965409 29.65825381 26.64413612]
 [29.2248033  26.79459709 24.0235409 ]
 [26.48617844 24.03115795 21.78038551]
 [23.80789339 21.65249484 19.58393153]
 [21.47584868 19.66145409 17.54533098]
 [19.3092451  17.68521838 15.81796976]
 [17.31917997 15.92082946 14.35029808]
 [15.58046707 14.32592999 12.86435477]
 [14.17961932 12.94252516 11.63968413]
 [12.87682057 11.71821223 10.51796814]
 [11.68579458 10.47655342  9.54502389]
 [10.39621831  9.54339734  8.55316588]
 [ 9.27003765  8.52763145  7.6450766 ]
 [ 8.40434043  7.71131058  6.89735229]
 [ 7.55760972  6.96558723  6.24580628]
 [ 6.89238934  6.25650954  5.60001133]
 [ 6.24615697  5.58753486  5.02301486]
 [ 5.54496198  5.01822727  4.54610206]
 [ 5.0620588   4.52825945  4.09562744]
 [ 4.53601682  4.09285835  3.64658766]
 [ 4.08217477  3.64569822  3.31392135]
 [ 3.66694847  3.3218211   2.98562446]
 [ 3.2813243   2.96517772  2.69359622]
 [ 2.98974968  2.69737801  2.40790374]
 [ 2.68789512  2.43401499  2.1778714 ]
 [ 2.43834577  2.19096595  1.97903761]
 [ 2.18248882  1.97708387  1.7791248 ]
 [ 1.98117483  1.79093101  1.62504761]
 [ 1.79523255  1.6215226   1.4425634 ]
 [ 1.61868074  1.46072156  1.29474577]
 [ 1.45166733  1.30287375  1.16676351]
 [ 1.29756078  1.16552577  1.06436494]
 [ 1.17861231  1.05839836  0.9503424 ]
 [ 1.05559503  0.95057222  0.85961226]
 [ 0.96180038  0.86780975  0.77722358]
 [ 0.86025948  0.77267567  0.69361083]
 [ 0.779095    0.69395979  0.62930599]
 [ 0.70046779  0.62458603  0.55784221]
 [ 0.62473535  0.55858828  0.49696313]
 [ 0.55883822  0.49545974  0.44495468]
 [ 0.49792551  0.44233095  0.39974514]
 [ 0.4473154   0.39805594  0.35389025]
 [ 0.39805823  0.35287293  0.31211965]
 [ 0.353127    0.30983651  0.27659764]
 [ 0.31417943  0.27606263  0.24483244]
 [ 0.27919394  0.24427853  0.21371782]
 [ 0.24189383  0.21528913  0.1880064 ]
 [ 0.21369864  0.18545442  0.16348808]
 [ 0.18638097  0.16207337  0.14122892]
 [ 0.1625504   0.14097475  0.1232724 ]
 [ 0.13976115  0.12234138  0.10693812]
 [ 0.12239735  0.1064983   0.1015095 ]
 [ 0.10423047  0.10107911  0.12415462]
 [ 0.10471988  0.12330581  0.15591933]
 [ 0.12568555  0.1562027   0.20282504]
 [ 0.16098929  0.20255723  0.26310606]
 [ 0.19906192  0.25645494  0.34110249]
 [ 0.26386239  0.32547441  0.42805508]
 [ 0.32983752  0.43752978  0.55604403]
 [ 0.43366395  0.54098408  0.70023356]
 [ 0.55028378  0.69393103  0.89076284]
 [ 0.68957007  0.88139833  1.11074222]
 [ 0.89480775  1.09518026  1.3371566 ]
 [ 1.10558886  1.32409416  1.6113995 ]
 [ 1.3115033   1.59639628  1.92580371]
 [ 1.56808888  1.94450608  2.34745359]
 [ 1.93652035  2.35282372  2.78182561]
 [ 2.3130317   2.78843735  3.34492913]
 [ 2.78276609  3.3197013   3.9572122 ]
 [ 3.33357182  3.97704999  4.73800986]
 [ 3.98199653  4.7686253   5.68415936]
 [ 4.74964698  5.58133025  6.62849342]
 [ 5.57721362  6.66581496  7.84083623]
 [ 6.75659646  7.73332789  9.02278905]
 [ 7.83764546  8.97871237 10.41379593]
 [ 9.06934496 10.39555671 12.0656434 ]
 [10.5004238  11.76874735 13.58696493]
 [12.03912416 13.62760177 15.45451272]
 [13.68418824 15.27061406 17.41490535]
 [15.52142961 17.51193303 19.5338858 ]
 [17.59323101 19.41243687 21.69757664]
 [19.590609   21.76597369 23.98894606]
 [21.60129743 24.11738789 26.47787386]
 [24.01464422 26.61781974 29.42233673]]