[[3.48091483e+01 3.87179033e+01 4.30415649e+01]
 [3.87298267e+01 4.30416773e+01 4.78288127e+01]
 [4.30440207e+01 4.78286543e+01 5.31440404e+01]
 [4.78294392e+01 5.31440572e+01 5.90489991e+01]
 [5.31440953e+01 5.90489993e+01 6.56100000e+01]
 [5.90490000e+01 6.56100000e+01 7.29000000e+01]
 [6.56100000e+01 7.29000000e+01 8.10000000e+01]
 [7.29000000e+01 8.10000000e+01 9.00000000e+01]
 [8.10000000e+01 1.00000000e+02 8.10000000e+01]
 [9.00000000e+01 8.10000000e+01 7.29000000e+01]
 [8.10000000e+01 7.29000000e+01 6.56100000e+01]
 [7.29000000e+01 6.56100000e+01 5.90490000e+01]
 [6.56100000e+01 5.90490000e+01 5.31441000e+01]
 [5.90490000e+01 5.31441000e+01 4.78296900e+01]
 [5.31441000e+01 4.78296900e+01 4.30467210e+01]
 [4.78296900e+01 4.30467210e+01 3.87420489e+01]
 [4.30467210e+01 3.87420489e+01 3.48678440e+01]
 [3.87420489e+01 3.48678440e+01 3.13810596e+01]
 [3.48678440e+01 3.13810596e+01 2.82429536e+01]
 [3.13810596e+01 2.82429536e+01 2.54186583e+01]
 [2.82429536e+01 2.54186583e+01 2.28767925e+01]
 [2.54186583e+01 2.28767925e+01 2.05891132e+01]
 [2.28767925e+01 2.05891132e+01 1.85302019e+01]
 [2.05891132e+01 1.85302019e+01 1.66771817e+01]
 [1.85302019e+01 1.66771817e+01 1.50094635e+01]
 [1.66771817e+01 1.50094635e+01 1.35085172e+01]
 [1.50094635e+01 1.35085172e+01 1.21576655e+01]
 [1.35085172e+01 1.21576655e+01 1.09418989e+01]
 [1.21576655e+01 1.09418989e+01 9.84770902e+00]
 [1.09418989e+01 9.84770902e+00 8.86293812e+00]
 [9.84770902e+00 8.86293812e+00 7.97664431e+00]
 [8.86293812e+00 7.97664431e+00 7.17897988e+00]
 [7.97664431e+00 7.17897988e+00 6.46108189e+00]
 [7.17897988e+00 6.46108189e+00 5.81497370e+00]
 [6.46108189e+00 5.81497370e+00 5.23347632e+00]
 [5.81497370e+00 5.23347623e+00 4.71012831e+00]
 [5.23347624e+00 4.71012687e+00 4.23910945e+00]
 [4.71012665e+00 4.23910051e+00 3.81517035e+00]
 [4.23910149e+00 3.81514262e+00 3.43351095e+00]
 [3.81512187e+00 3.43341734e+00 3.08981684e+00]
 [3.43340416e+00 3.08952923e+00 2.78001780e+00]
 [3.08953311e+00 2.77990640e+00 2.50112312e+00]
 [2.77985976e+00 2.50066211e+00 2.24926302e+00]
 [2.50071809e+00 2.24876288e+00 2.02118588e+00]
 [2.24854804e+00 2.02077432e+00 1.81482129e+00]
 [2.02038643e+00 1.81423854e+00 1.62679183e+00]
 [1.81301331e+00 1.62525202e+00 1.45455985e+00]
 [1.62383642e+00 1.45217870e+00 1.30082931e+00]
 [1.45348789e+00 1.29794760e+00 1.16014613e+00]
 [1.29933025e+00 1.15921662e+00 1.03478325e+00]
 [1.15904183e+00 1.03186970e+00 9.21027738e-01]
 [1.03309533e+00 9.18480360e-01 8.17096075e-01]
 [9.18459385e-01 8.14880940e-01 7.24763306e-01]
 [8.16062975e-01 7.22320512e-01 6.38268830e-01]
 [7.20365379e-01 6.36510893e-01 5.65700824e-01]
 [6.37336489e-01 5.64175736e-01 5.00088056e-01]
 [5.64490999e-01 4.99366658e-01 4.41582530e-01]
 [4.99298226e-01 4.40852174e-01 3.88860424e-01]
 [4.40698241e-01 3.88488321e-01 3.42938858e-01]
 [3.88102018e-01 3.42220697e-01 3.00310314e-01]
 [3.40827470e-01 2.99613390e-01 2.62992893e-01]
 [2.99015990e-01 2.61941202e-01 2.29192182e-01]
 [2.61330063e-01 2.29430605e-01 1.99786774e-01]
 [2.28228353e-01 1.99182752e-01 1.72007814e-01]
 [1.98389663e-01 1.71150662e-01 1.47933421e-01]
 [1.70638966e-01 1.47394216e-01 1.27787126e-01]
 [1.47589568e-01 1.28192569e-01 1.10136726e-01]
 [1.27302281e-01 1.10169240e-01 9.39986641e-02]
 [1.09228965e-01 9.31596808e-02 8.02510261e-02]
 [9.33206127e-02 8.01325799e-02 6.82068544e-02]
 [7.93477688e-02 6.78422634e-02 5.81095064e-02]
 [6.77347726e-02 5.76462382e-02 4.92381748e-02]
 [5.79352491e-02 4.89975979e-02 4.09886980e-02]
 [4.89766295e-02 4.08228936e-02 3.29123515e-02]
 [4.03603663e-02 3.22607273e-02 3.31179124e-02]
 [3.24390861e-02 3.31731342e-02 4.89880934e-02]
 [3.22462607e-02 4.81947465e-02 7.61502766e-02]
 [4.89012247e-02 7.40718436e-02 1.16728757e-01]
 [7.35733584e-02 1.20789919e-01 1.80618508e-01]
 [1.21939984e-01 1.76263843e-01 2.57507270e-01]
 [1.81573677e-01 2.39722847e-01 3.58075893e-01]
 [2.47217598e-01 3.65032811e-01 5.23742338e-01]
 [3.65618591e-01 5.46518946e-01 7.41129042e-01]
 [5.24379636e-01 7.59294841e-01 1.06183816e+00]
 [7.72641389e-01 1.05988612e+00 1.50587513e+00]
 [1.11703893e+00 1.52753180e+00 2.06469124e+00]
 [1.58404817e+00 2.09725379e+00 2.70020651e+00]
 [2.10820082e+00 2.64399839e+00 3.55821944e+00]
 [2.75281715e+00 3.63332500e+00 4.81048421e+00]
 [3.70818102e+00 4.84160223e+00 6.32162390e+00]
 [4.93597285e+00 6.27910797e+00 8.29215993e+00]
 [6.40539968e+00 8.29324602e+00 1.11434624e+01]
 [8.63450279e+00 1.12265767e+01 1.44495242e+01]
 [1.15789517e+01 1.42904157e+01 1.77204399e+01]
 [1.47439330e+01 1.77180185e+01 2.10319738e+01]
 [1.80655594e+01 2.10521879e+01 2.42738044e+01]
 [2.12292417e+01 2.40956804e+01 2.76205359e+01]
 [2.44161676e+01 2.76538824e+01 3.11005115e+01]
 [2.77308469e+01 3.11407231e+01 3.47824223e+01]
 [3.12049291e+01 3.47736568e+01 3.87164435e+01]]