[[ 34.86784401  38.7420489   43.046721  ]
 [ 38.7420489   43.046721    47.82969   ]
 [ 43.046721    47.82969     53.1441    ]
 [ 47.82969     53.1441      59.049     ]
 [ 53.1441      59.049       65.61      ]
 [ 59.049       65.61        72.9       ]
 [ 65.61        72.9         81.        ]
 [ 72.9         81.          90.        ]
 [ 81.         100.          81.        ]
 [ 90.          81.          72.9       ]
 [ 81.          72.9         65.61      ]
 [ 72.9         65.61        59.049     ]
 [ 65.61        59.049       53.1441    ]
 [ 59.049       53.1441      47.82969   ]
 [ 53.1441      47.82969     43.046721  ]
 [ 47.82969     43.046721    38.7420489 ]
 [ 43.046721    38.7420489   34.86784401]
 [ 38.7420489   34.86784401  31.38105961]
 [ 34.86784401  31.38105961  28.24295365]
 [ 31.38105961  28.24295365  25.41865828]
 [ 28.24295365  25.41865828  22.87679245]
 [ 25.41865828  22.87679245  20.58911321]
 [ 22.87679245  20.58911321  18.53020189]
 [ 20.58911321  18.53020189  16.6771817 ]
 [ 18.53020189  16.6771817   15.00946353]
 [ 16.6771817   15.00946353  13.50851718]
 [ 15.00946353  13.50851718  12.15766546]
 [ 13.50851718  12.15766546  10.94189891]
 [ 12.15766546  10.94189891   9.84770902]
 [ 10.94189891   9.84770902   8.86293812]
 [  9.84770902   8.86293812   7.97664431]
 [  8.86293812   7.97664431   7.17897988]
 [  7.97664431   7.17897988   6.46108189]
 [  7.17897988   6.46108189   5.8149737 ]
 [  6.46108189   5.8149737    5.23347633]
 [  5.8149737    5.23347633   4.7101287 ]
 [  5.23347633   4.7101287    4.23911583]
 [  4.7101287    4.23911583   3.81520424]
 [  4.23911583   3.81520424   3.43368382]
 [  3.81520424   3.43368382   3.09031544]
 [  3.43368382   3.09031544   2.78128389]
 [  3.09031544   2.78128389   2.5031555 ]
 [  2.78128389   2.5031555    2.25283995]
 [  2.5031555    2.25283995   2.02755596]
 [  2.25283995   2.02755596   1.82480036]
 [  2.02755596   1.82480036   1.64232033]
 [  1.82480036   1.64232033   1.47808829]
 [  1.64232033   1.47808829   1.33027946]
 [  1.47808829   1.33027946   1.19725152]
 [  1.33027946   1.19725152   1.07752637]
 [  1.19725152   1.07752637   0.96977373]
 [  1.07752637   0.96977373   0.87279636]
 [  0.96977373   0.87279636   0.78551672]
 [  0.87279636   0.78551672   0.70696505]
 [  0.78551672   0.70696505   0.63626854]
 [  0.70696505   0.63626854   0.57264169]
 [  0.63626854   0.57264169   0.51537752]
 [  0.57264169   0.51537752   0.46383977]
 [  0.51537752   0.46383977   0.51537752]
 [  0.46383977   0.51537752   0.57264169]
 [  0.51537752   0.57264169   0.63626854]
 [  0.57264169   0.63626854   0.70696505]
 [  0.63626854   0.70696505   0.78551672]
 [  0.70696505   0.78551672   0.87279636]
 [  0.78551672   0.87279636   0.96977373]
 [  0.87279636   0.96977373   1.07752637]
 [  0.96977373   1.07752637   1.19725152]
 [  1.07752637   1.19725152   1.33027946]
 [  1.19725152   1.33027946   1.47808829]
 [  1.33027946   1.47808829   1.64232033]
 [  1.47808829   1.64232033   1.82480036]
 [  1.64232033   1.82480036   2.02755596]
 [  1.82480036   2.02755596   2.25283995]
 [  2.02755596   2.25283995   2.5031555 ]
 [  2.25283995   2.5031555    2.78128389]
 [  2.5031555    2.78128389   3.09031544]
 [  2.78128389   3.09031544   3.43368382]
 [  3.09031544   3.43368382   3.81520424]
 [  3.43368382   3.81520424   4.23911583]
 [  3.81520424   4.23911583   4.7101287 ]
 [  4.23911583   4.7101287    5.23347633]
 [  4.7101287    5.23347633   5.8149737 ]
 [  5.23347633   5.8149737    6.46108189]
 [  5.8149737    6.46108189   7.17897988]
 [  6.46108189   7.17897988   7.97664431]
 [  7.17897988   7.97664431   8.86293812]
 [  7.97664431   8.86293812   9.84770902]
 [  8.86293812   9.84770902  10.94189891]
 [  9.84770902  10.94189891  12.15766546]
 [ 10.94189891  12.15766546  13.50851718]
 [ 12.15766546  13.50851718  15.00946353]
 [ 13.50851718  15.00946353  16.6771817 ]
 [ 15.00946353  16.6771817   18.53020189]
 [ 16.6771817   18.53020189  20.58911321]
 [ 18.53020189  20.58911321  22.87679245]
 [ 20.58911321  22.87679245  25.41865828]
 [ 22.87679245  25.41865828  28.24295365]
 [ 25.41865828  28.24295365  31.38105961]
 [ 28.24295365  31.38105961  34.86784401]
 [ 31.38105961  34.86784401  38.7420489 ]]